id,name,icon,model,type,tips
1,2,3,4,5,6
3,4,5,6,7,8
5,6,7,8,9,10
7,8,9,10,11,12
9,10,11,12,13,14
11,12,13,14,15,16
13,14,15,16,17,18
15,16,17,18,19,20
17,18,19,20,21,22
19,20,21,22,23,24
21,22,23,24,25,26
23,24,25,26,27,28
25,26,27,28,29,30
27,28,29,30,31,32
29,30,31,32,33,34
32,33,34,35,36,37
34,35,36,37,38,39
36,37,38,39,40,41
38,39,40,41,42,43
40,41,42,43,44,45
42,43,44,45,46,47
44,45,46,47,48,49
47,48,49,50,51,52
50,51,52,53,54,55
52,53,54,55,56,57
55,56,57,58,59,60
57,58,59,60,61,62
59,60,61,62,63,64
61,62,63,64,65,66
63,64,65,66,67,68
65,66,67,68,69,70
67,68,69,70,71,72
70,71,72,73,74,75
73,74,75,76,77,78
75,76,77,78,79,80
78,79,80,81,82,83
80,81,82,83,84,85
82,83,84,85,86,87
84,85,86,87,88,89
86,87,88,89,90,91
88,89,90,91,92,93
90,91,92,93,94,95
93,94,95,96,97,98
95,96,97,98,99,100
97,98,99,100,101,102
99,100,101,102,103,104
102,103,104,105,106,107
105,106,107,108,109,110
107,108,109,110,111,112
110,111,112,113,114,115
112,113,114,115,116,117
114,115,116,117,118,119
116,117,118,119,120,121
118,119,120,121,122,123
120,121,122,123,124,125
122,123,124,125,126,127
125,126,127,128,129,130
128,129,130,131,132,133
130,131,132,133,134,135
133,134,135,136,137,138
135,136,137,138,139,140
137,138,139,140,141,142
139,140,141,142,143,144
141,142,143,144,145,146
143,144,145,146,147,148
145,146,147,148,149,150
148,149,150,151,152,153
150,151,152,153,154,155
152,153,154,155,156,157
154,155,156,157,158,159
157,158,159,160,161,162
160,161,162,163,164,165
162,163,164,165,166,167
165,166,167,168,169,170
167,168,169,170,171,172
169,170,171,172,173,174
171,172,173,174,175,176
173,174,175,176,177,178
175,176,177,178,179,180
177,178,179,180,181,182
180,181,182,183,184,185
183,184,185,186,187,188
185,186,187,188,189,190
188,189,190,191,192,193
190,191,192,193,194,195
192,193,194,195,196,197
194,195,196,197,198,199
196,197,198,199,200,201
198,199,200,201,202,203
200,201,202,203,204,205
203,204,205,206,207,208
205,206,207,208,209,210
207,208,209,210,211,212
209,210,211,212,213,214
212,213,214,215,216,217
215,216,217,218,219,220
217,218,219,220,221,222
220,221,222,223,224,225
222,223,224,225,226,227
224,225,226,227,228,229
226,227,228,229,230,231
228,229,230,231,232,233
230,231,232,233,234,235
232,233,234,235,236,237
235,236,237,238,239,240
238,239,240,241,242,243
240,241,242,243,244,245
243,244,245,246,247,248
245,246,247,248,249,250
247,248,249,250,251,252
249,250,251,252,253,254
251,252,253,254,255,256
253,254,255,256,257,258
255,256,257,258,259,260
258,259,260,261,262,263
260,261,262,263,264,265
262,263,264,265,266,267
264,265,266,267,268,269
267,268,269,270,271,272
270,271,272,273,274,275
272,273,274,275,276,277
275,276,277,278,279,280
277,278,279,280,281,282
279,280,281,282,283,284
281,282,283,284,285,286
283,284,285,286,287,288
285,286,287,288,289,290
287,288,289,290,291,292
290,291,292,293,294,295
293,294,295,296,297,298
295,296,297,298,299,300
298,299,300,301,302,303
300,301,302,303,304,305
302,303,304,305,306,307
304,305,306,307,308,309
306,307,308,309,310,311
308,309,310,311,312,313
310,311,312,313,314,315
313,314,315,316,317,318
315,316,317,318,319,320
317,318,319,320,321,322
319,320,321,322,323,324
322,323,324,325,326,327
325,326,327,328,329,330
327,328,329,330,331,332
330,331,332,333,334,335
332,333,334,335,336,337
334,335,336,337,338,339
336,337,338,339,340,341
338,339,340,341,342,343
340,341,342,343,344,345
342,343,344,345,346,347
345,346,347,348,349,350
348,349,350,351,352,353
350,351,352,353,354,355
353,354,355,356,357,358
355,356,357,358,359,360
357,358,359,360,361,362
359,360,361,362,363,364
361,362,363,364,365,366
363,364,365,366,367,368
365,366,367,368,369,370
368,369,370,371,372,373
370,371,372,373,374,375
372,373,374,375,376,377
374,375,376,377,378,379
377,378,379,380,381,382
380,381,382,383,384,385
382,383,384,385,386,387
385,386,387,388,389,390
387,388,389,390,391,392
389,390,391,392,393,394
391,392,393,394,395,396
393,394,395,396,397,398
395,396,397,398,399,400
397,398,399,400,401,402
400,401,402,403,404,405
403,404,405,406,407,408
405,406,407,408,409,410
408,409,410,411,412,413
410,411,412,413,414,415
412,413,414,415,416,417
414,415,416,417,418,419
416,417,418,419,420,421
418,419,420,421,422,423
420,421,422,423,424,425
423,424,425,426,427,428
425,426,427,428,429,430
428,429,430,431,432,433
430,431,432,433,434,435
433,434,435,436,437,438
435,436,437,438,439,440
437,438,439,440,441,442
439,440,441,442,443,444
441,442,443,444,445,446
443,444,445,446,447,448
445,446,447,448,449,450
448,449,450,451,452,453
451,452,453,454,455,456
453,454,455,456,457,458
456,457,458,459,460,461
458,459,460,461,462,463
460,461,462,463,464,465
462,463,464,465,466,467
464,465,466,467,468,469
466,467,468,469,470,471
468,469,470,471,472,473
471,472,473,474,475,476
473,474,475,476,477,478
475,476,477,478,479,480
477,478,479,480,481,482
480,481,482,483,484,485
483,484,485,486,487,488
485,486,487,488,489,490
488,489,490,491,492,493
490,491,492,493,494,495
492,493,494,495,496,497
494,495,496,497,498,499
496,497,498,499,500,501
498,499,500,501,502,503
500,501,502,503,504,505
503,504,505,506,507,508
506,507,508,509,510,511
508,509,510,511,512,513
511,512,513,514,515,516
513,514,515,516,517,518
515,516,517,518,519,520
517,518,519,520,521,522
519,520,521,522,523,524
521,522,523,524,525,526
523,524,525,526,527,528
526,527,528,529,530,531
528,529,530,531,532,533
530,531,532,533,534,535
532,533,534,535,536,537
535,536,537,538,539,540
538,539,540,541,542,543
540,541,542,543,544,545
543,544,545,546,547,548
545,546,547,548,549,550
547,548,549,550,551,552
549,550,551,552,553,554
551,552,553,554,555,556
553,554,555,556,557,558
555,556,557,558,559,560
558,559,560,561,562,563
561,562,563,564,565,566
563,564,565,566,567,568
566,567,568,569,570,571
568,569,570,571,572,573
570,571,572,573,574,575
572,573,574,575,576,577
574,575,576,577,578,579
576,577,578,579,580,581
578,579,580,581,582,583
581,582,583,584,585,586
583,584,585,586,587,588
584,585,586,587,588,589
586,587,588,589,590,591
588,589,590,591,592,593
590,591,592,593,594,595
592,593,594,595,596,597
594,595,596,597,598,599
596,597,598,599,600,601
598,599,600,601,602,603
600,601,602,603,604,605
602,603,604,605,606,607
604,605,606,607,608,609
606,607,608,609,610,611
608,609,610,611,612,613
610,611,612,613,614,615
612,613,614,615,616,617
615,616,617,618,619,620
617,618,619,620,621,622
619,620,621,622,623,624
621,622,623,624,625,626
623,624,625,626,627,628
625,626,627,628,629,630
627,628,629,630,631,632
630,631,632,633,634,635
633,634,635,636,637,638
635,636,637,638,639,640
638,639,640,641,642,643
640,641,642,643,644,645
642,643,644,645,646,647
644,645,646,647,648,649
646,647,648,649,650,651
648,649,650,651,652,653
650,651,652,653,654,655
653,654,655,656,657,658
656,657,658,659,660,661
658,659,660,661,662,663
661,662,663,664,665,666
663,664,665,666,667,668
665,666,667,668,669,670
667,668,669,670,671,672
669,670,671,672,673,674
671,672,673,674,675,676
673,674,675,676,677,678
676,677,678,679,680,681
678,679,680,681,682,683
680,681,682,683,684,685
682,683,684,685,686,687
685,686,687,688,689,690
688,689,690,691,692,693
690,691,692,693,694,695
693,694,695,696,697,698
695,696,697,698,699,700
697,698,699,700,701,702
699,700,701,702,703,704
701,702,703,704,705,706
703,704,705,706,707,708
705,706,707,708,709,710
708,709,710,711,712,713
711,712,713,714,715,716
713,714,715,716,717,718
716,717,718,719,720,721
718,719,720,721,722,723
720,721,722,723,724,725
722,723,724,725,726,727
724,725,726,727,728,729
726,727,728,729,730,731
728,729,730,731,732,733
731,732,733,734,735,736
733,734,735,736,737,738
735,736,737,738,739,740
737,738,739,740,741,742
740,741,742,743,744,745
743,744,745,746,747,748
745,746,747,748,749,750
748,749,750,751,752,753
750,751,752,753,754,755
752,753,754,755,756,757
754,755,756,757,758,759
756,757,758,759,760,761
758,759,760,761,762,763
760,761,762,763,764,765
763,764,765,766,767,768
766,767,768,769,770,771
768,769,770,771,772,773
771,772,773,774,775,776
773,774,775,776,777,778
775,776,777,778,779,780
777,778,779,780,781,782
779,780,781,782,783,784
781,782,783,784,785,786
783,784,785,786,787,788
786,787,788,789,790,791
788,789,790,791,792,793
790,791,792,793,794,795
792,793,794,795,796,797
795,796,797,798,799,800
798,799,800,801,802,803
800,801,802,803,804,805
803,804,805,806,807,808
805,806,807,808,809,810
807,808,809,810,811,812
809,810,811,812,813,814
811,812,813,814,815,816
813,814,815,816,817,818
815,816,817,818,819,820
818,819,820,821,822,823
821,822,823,824,825,826
823,824,825,826,827,828
826,827,828,829,830,831
828,829,830,831,832,833
830,831,832,833,834,835
832,833,834,835,836,837
834,835,836,837,838,839
836,837,838,839,840,841
838,839,840,841,842,843
841,842,843,844,845,846
843,844,845,846,847,848
845,846,847,848,849,850
847,848,849,850,851,852
850,851,852,853,854,855
853,854,855,856,857,858
855,856,857,858,859,860
858,859,860,861,862,863
860,861,862,863,864,865
862,863,864,865,866,867
864,865,866,867,868,869
866,867,868,869,870,871
868,869,870,871,872,873
870,871,872,873,874,875
873,874,875,876,877,878
876,877,878,879,880,881
878,879,880,881,882,883
881,882,883,884,885,886
883,884,885,886,887,888
885,886,887,888,889,890
887,888,889,890,891,892
889,890,891,892,893,894
891,892,893,894,895,896
893,894,895,896,897,898
896,897,898,899,900,901
898,899,900,901,902,903
900,901,902,903,904,905
902,903,904,905,906,907
905,906,907,908,909,910
908,909,910,911,912,913
910,911,912,913,914,915
913,914,915,916,917,918
915,916,917,918,919,920
917,918,919,920,921,922
919,920,921,922,923,924
921,922,923,924,925,926
923,924,925,926,927,928
925,926,927,928,929,930
928,929,930,931,932,933
931,932,933,934,935,936
933,934,935,936,937,938
936,937,938,939,940,941
938,939,940,941,942,943
940,941,942,943,944,945
942,943,944,945,946,947
944,945,946,947,948,949
946,947,948,949,950,951
948,949,950,951,952,953
951,952,953,954,955,956
953,954,955,956,957,958
955,956,957,958,959,960
957,958,959,960,961,962
960,961,962,963,964,965
963,964,965,966,967,968
965,966,967,968,969,970
968,969,970,971,972,973
970,971,972,973,974,975
972,973,974,975,976,977
974,975,976,977,978,979
976,977,978,979,980,981
978,979,980,981,982,983
980,981,982,983,984,985
983,984,985,986,987,988
986,987,988,989,990,991
988,989,990,991,992,993
991,992,993,994,995,996
993,994,995,996,997,998
995,996,997,998,999,1000
997,998,999,1000,1001,1002
999,1000,1001,1002,1003,1004
1001,1002,1003,1004,1005,1006
1003,1004,1005,1006,1007,1008
1006,1007,1008,1009,1010,1011
1008,1009,1010,1011,1012,1013
1011,1012,1013,1014,1015,1016
1013,1014,1015,1016,1017,1018
1016,1017,1018,1019,1020,1021
